:Product: Daily Geomagnetic Data          DGD.txt
:Issued: 1230 UT 13 Jun 2025
#
#  Prepared by the U.S. Dept. of Commerce, NOAA, Space Weather Prediction Center
#  Please send comment and suggestions to SWPC.Webmaster@noaa.gov
#
#               Last 30 Days Daily Geomagnetic Data
#
#
#                Middle Latitude        High Latitude            Estimated
#              - Fredericksburg -     ---- College ----      --- Planetary ---
#  Date        A     K-indices        A     K-indices        A     K-indices
2025 05 15    15  3 5 3 1 2 2 2 3    22  4 4 4 4 3 4 2 3    13   3.00  4.00  2.67  2.00  2.00  2.67  2.33  3.00
2025 05 16    11  2 2 4 2 2 2 2 3    24  2 4 5 5 4 3 2 3    13   2.33  3.00  3.00  2.33  2.67  2.00  1.67  4.33
2025 05 17    25  5 5 3 4 4 3 3 2    51  5 5 4 6 6 6 4 3    38   6.33  5.33  3.33  4.67  4.33  4.00  3.67  3.33
2025 05 18    16  4 2 4 3 2 3 3 3    40  4 2 6 6 4 6 3 2    22   4.00  3.00  4.67  3.33  2.33  4.00  4.00  2.67
2025 05 19    10  3 3 1 2 3 2 2 2    13  3 4 2 3 3 3 0 2    10   3.33  3.00  1.67  1.67  2.33  2.33  1.67  2.00
2025 05 20    12  2 3 3 3 3 2 2 3    34  3 5 5 6 5 3 2 2    13   2.33  3.00  3.00  3.00  3.00  2.67  2.00  3.00
2025 05 21    12  3 3 3 3 3 2 2 2    23  3 4 5 5 3 2 2 3    13   4.00  3.00  3.00  3.00  2.33  1.33  1.67  2.33
2025 05 22     7  2 2 2 2 2 2 2 2     8  3 2 1 3 2 1 2 1     7   2.00  2.00  2.00  1.33  1.67  1.33  2.33  1.67
2025 05 23     8  2 2 2 2 3 2 2 2     9  2 1 2 3 3 3 1 1     7   2.00  1.67  2.00  2.00  2.33  2.33  1.33  2.00
2025 05 24     6  2 1 2 2 2 2 2 1     3  1 1 1 1 2 0 1 1     5   1.67  1.33  1.67  1.33  1.67  1.00  0.67  1.33
2025 05 25     8  2 2 2 1 3 3 2 1     5  2 2 2 2 1 1 1 1     6   1.67  2.00  2.00  1.33  2.00  1.33  1.00  1.00
2025 05 26     8  2 2 2 2 3 2 2 2     5  2 1 2 1 2 1 1 2     8   1.67  1.67  2.00  1.67  3.00  1.33  2.00  2.67
2025 05 27    12  2 2 1 3 3 2 3 4    23  3 2 2 3 5 5 3 4    15   2.33  2.33  1.67  2.67  3.00  2.67  4.00  4.00
2025 05 28    17  3 4 3 3 3 3 3 3    36  4 5 5 6 3 5 3 2    18   4.00  4.33  2.67  3.33  1.67  3.33  3.33  2.67
2025 05 29    38  5 5 4 5 4 4 5 4    69  6 5 6 7 6 6 4 3    65   6.67  5.33  5.00  5.33  5.67  5.67  5.67  5.00
2025 05 30    18  4 3 3 3 4 3 3 3    48  5 5 6 5 5 6 3 3    30   5.00  4.33  4.00  3.33  4.00  4.33  4.33  3.67
2025 05 31    12  3 3 3 2 3 2 2 3    32  3 4 4 5 6 4 3 3    16   3.33  3.00  3.00  2.33  3.67  2.33  3.00  3.67
2025 06 01    59  5 6 6 5 6 4 6 4    79  5 6 7 6 7 5 6 3   107   5.33  5.33  8.00  7.33  7.67  5.00  7.00  4.00
2025 06 02    38  4 5 5 5 5 4 4 4    88  4 5 7 6 6 7 7 5    69   4.67  5.00  6.33  6.67  6.00  5.33  5.33  5.67
2025 06 03    32  4 5 6 4 4-1 2 2    60  5 7 5 6 6-1 3 2    58   5.67  7.00  6.00  5.33  5.67  4.67  2.67  2.33
2025 06 04    17  1 3 3 3 4 4 3 3    37  1 4 3 5 6 6 4 3    26   1.33  3.67  3.00  4.00  5.00  5.33  3.67  3.00
2025 06 05    15  4 3 3 3 3 2 3 2    16  3 3 3 5 3 2 2 2    12   3.67  2.33  2.33  3.00  2.67  2.67  2.33  2.33
2025 06 06     8  2 2 2 2 3 2 2 2    22  3 3 6 5 2 2 2 0     8   2.33  2.00  2.33  2.33  2.00  2.00  2.33  2.00
2025 06 07    15  2 2 3 4 3 2 4 3    18  2 3 4 4 4 3 3 2    20   2.00  2.00  4.00  4.33  2.33  2.33  4.67  4.33
2025 06 08    13  2 2 2 2 3 3 3 4    18  2 2 1 1 5 5 3 3    15   2.33  2.33  2.00  2.00  3.00  4.00  3.00  4.33
2025 06 09    13  3 4 2 2 3 3 2 2    19  4 4 4 4 3 3 2 2    15   3.67  4.33  2.67  2.33  2.33  2.67  2.00  3.00
2025 06 10    11  2 2 3 2 3 2 3 3    10  3 2 3 3 2 2 2 2     9   2.67  1.67  2.33  2.00  1.67  1.67  2.33  3.00
2025 06 11    13  3 3 1 2 2 3 3 4    22  3 3 2 2 4 4 5 4    18   3.33  2.67  1.67  1.67  2.33  3.67  3.67  5.00
2025 06 12    24  4 4 4 4 3 3 4 4    44  4 5 5 6 6 4 3 4    33   4.67  4.33  4.00  3.67  3.67  2.67  5.33  5.33
2025 06 13    -1  4 5 4 4-1-1-1-1    -1  5 5 5 6-1-1-1-1    50   6.33  5.67  5.33  4.67 -1.00 -1.00 -1.00 -1.00
