:Product: Daily Solar Data            DSD.txt
:Issued: 0825 UT 13 Jun 2025
#
#  Prepared by the U.S. Dept. of Commerce, NOAA, Space Weather Prediction Center
#  Please send comments and suggestions to SWPC.Webmaster@noaa.gov
#
#                Last 30 Days Daily Solar Data
#
#                         Sunspot       Stanford GOES15
#           Radio  SESC     Area          Solar  X-Ray  ------ Flares ------
#           Flux  Sunspot  10E-6   New     Mean  Bkgd    X-Ray      Optical
#  Date     10.7cm Number  Hemis. Regions Field  Flux   C  M  X  S  1  2  3
#--------------------------------------------------------------------------- 
2025 05 14  122     53      260      1    -999      *   6  4  1  4  1  1  0
2025 05 15  119     45      290      0    -999      *   9  1  0  2  1  0  0
2025 05 16  117     57      330      2    -999      *   6  0  0  7  0  0  0
2025 05 17  117     58      310      1    -999      *   1  0  0  0  0  0  0
2025 05 18  118     53      330      0    -999      *   2  0  0  0  0  0  0
2025 05 19  117     66      310      1    -999      *   3  1  0  0  0  0  0
2025 05 20  119     67      290      1    -999      *  11  0  0  2  0  0  0
2025 05 21  119     88      320      3    -999      *   4  1  0  3  0  0  0
2025 05 22  120     99      350      1    -999      *   4  0  0  6  0  0  0
2025 05 23  122    122      330      1    -999      *   3  0  0  4  0  0  0
2025 05 24  130    105      490      0    -999      *  11  1  0  3  2  0  0
2025 05 25  133     93      510      1    -999      *   7  3  1  8  1  1  0
2025 05 26  133    113      790      1    -999      *   8  2  0  5  1  1  0
2025 05 27  137    116      790      2    -999      *   6  0  0  1  0  0  0
2025 05 28  144    126      880      1    -999      *  11  0  0  4  0  0  0
2025 05 29  145    122      870      0    -999      *   6  0  0  1  0  0  0
2025 05 30  157    107      980      1    -999      *   8  3  0  9  0  0  0
2025 05 31  164     96      860      0    -999      *   9  4  0 18  1  1  0
2025 06 01  150     97      780      0    -999      *  10  0  0  4  1  0  0
2025 06 02  140    103      700      0    -999      *   5  2  0  1  0  1  0
2025 06 03  135     95      590      1    -999      *   6  1  0  2  0  0  0
2025 06 04  134     92      540      1    -999      *   5  1  0  3  0  0  0
2025 06 05  128     92      460      0    -999      *  12  0  0  8  0  0  0
2025 06 06  128     76      270      1    -999      *  13  0  0 10  0  0  0
2025 06 07  121    103      240      2    -999      *   7  0  0  2  0  0  0
2025 06 08  115     87      150      0    -999      *   4  0  0  3  0  0  0
2025 06 09  120     82      160      2    -999      *   3  0  0  2  0  0  0
2025 06 10  129    105      370      1    -999      *  11  0  0  6  0  0  0
2025 06 11  141    133      655      2    -999      *  11  0  0  7  0  0  0
2025 06 12  142    116      905      1    -999      *   6  0  0  2  1  0  0
